470 450 970 758 698 695 155 915 538 31
988 999 160 23 609 871 189 82 925 695
509 739 649 894 363 530 187 408 790 680
458 766 669 42 999 803 24 807 225 705
210 387 370 985 617 311 432 629 772 379
670 693 922 866 599 240 424 716 903 615
856 723 955 957 222 482 665 499 416 295
31 395 672 557 486 254 277 537 469 909
905 739 566 119 237 430 148 273 527 447
923 682 629 975 536 139 427 275 164 693
30 401 677 358 529 167 721 628 302 872
997 695 876 174 367 589 414 653 317 630
88 497 125 36 946 420 709 846 635 263
351 323 48 16 570 773 421 279 917 982
909 929 614 335 74 749 968 315 364 717
1000 651 571 859 111 672 415 706 654 291
109 414 770 864 549 610 88 703 131 890
903 187 394 226 489 25 205 215 720 980
719 847 190 850 194 601 686 503 32 855
412 906 280 830 189 482 475 750 419 206
988 651 956 479 649 32 784 365 433 875
473 266 947 788 616 344 282 881 123 602
915 804 507 545 614 958 871 505 836 501
864 625 240 889 257 326 785 81 21 999
250 12 784 284 397 520 631 843 37 185
388 102 58 117 968 788 894 926 720 703
186 17 902 720 780 711 361 76 307 632
914 841 366 471 611 504 843 494 195 727
566 746 420 588 781 701 153 330 513 153
224 474 395 452 10 869 458 562 587 591
100 75 559 575 539 842 741 247 438 2
371 419 917 620 876 724 281 609 300 520
149 808 837 420 751 841 705 355 989 917
184 321 871 39 779 105 975 985 332 853
388 938 2 354 7 125 9 100 30 440
251 130 259 376 256 165 91 383 878 13
33 879 573 299 387 520 758 358 295 49
328 110 269 786 309 930 970 219 166 992
832 545 384 671 185 757 815 678 350 108
456 668 401 332 503 762 437 765 418 820
725 964 598 346 765 576 604 568 131 297
990 927 757 529 609 626 17 759 330 244
736 206 753 717 102 143 982 173 690 317
327 324 760 128 401 1 679 933 323 480
344 272 475 376 850 699 379 238 633 341
905 105 559 783 350 446 952 912 634 766
558 73 962 79 558 182 683 24 325 244
464 531 824 278 815 141 645 297 25 616
277 24 433 331 400 602 326 777 484 936
424 738 841 758 515 435 347 42 950 617
766 505 669 293 2 658 239 746 972 898
437 495 963 984 354 609 65 986 901 687
603 881 682 177 558 93 643 501 765 734
59 389 936 246 375 7 110 715 780 436
395 477 594 388 22 414 260 488 691 721
792 80 319 72 919 864 500 701 164 32
67 356 548 375 207 883 393 170 709 782
505 568 146 707 269 426 217 137 786 921
957 633 432 651 547 478 547 125 95 72
895 825 581 668 283 542 323 807 216 776
534 688 648 778 672 50 95 623 443 469
439 748 5 253 807 72 220 997 669 830
46 593 832 964 701 536 211 294 80 485
815 267 816 39 5 34 427 615 249 542
205 765 99 821 387 298 335 250 929 14
766 7 716 606 491 41 468 281 168 648
63 767 902 586 58 356 11 201 568 971
442 924 171 679 331 340 657 676 688 14
206 183 688 943 364 777 62 643 903 628
422 225 653 491 202 24 748 807 109 55
648 39 320 293 709 57 885 803 632 348
899 134 77 48 858 304 424 263 536 788
164 873 828 767 196 857 488 85 371 651
543 915 713 542 376 630 758 965 26 947
279 902 325 985 812 79 639 59 826 158
794 984 995 329 406 751 644 283 529 872
126 456 37 797 934 737 852 754 428 244
113 694 61 849 110 665 43 570 105 64
441 218 823 354 354 414 295 565 774 635
662 680 737 447 82 450 946 347 81 608
196 954 978 496 430 233 200 560 299 996
570 952 736 826 152 215 441 361 677 350
756 393 851 210 200 347 64 195 547 168
496 107 649 916 162 251 808 699 542 831
100 211 801 353 90 219 375 284 724 877
612 764 427 713 307 529 272 145 130 647
416 261 476 365 666 329 3 827 720 410
383 259 648 210 906 665 905 478 450 197
623 286 956 270 802 176 582 393 911 557
997 500 738 783 807 640 584 729 746 367
567 675 465 480 566 139 637 797 636 727
724 157 498 191 341 75 719 18 64 548
762 71 150 956 211 36 759 814 841 703
808 233 195 22 441 841 839 842 749 90
643 717 22 129 245 656 295 499 726 55
840 351 634 973 172 790 237 683 740 647
762 578 16 866 269 512 968 670 769 926
34 240 638 291 298 635 820 677 742 465
535 47 689 421 398 345 378 876 458 681
427 864 441 571 293 292 529 191 952 596
